tol,group_1_size
0.0,0
0.1,100
0.2,0
0.30000000000000004,0
0.4,100
0.5,0
0.6000000000000001,0
0.7000000000000001,100
0.8,100
0.9,0
1.0,100
1.1,100
1.2000000000000002,0
1.3,6
1.4000000000000001,100
1.5,100
1.6,100
1.7000000000000002,0
1.8,0
1.9000000000000001,100
2.0,0
2.1,0
2.2,50
2.3000000000000003,50
2.4000000000000004,50
2.5,100
2.6,50
2.7,50
2.8000000000000003,50
2.9000000000000004,50
3.0,50
3.1,0
3.2,50
3.3000000000000003,50
3.4000000000000004,50
3.5,50
3.6,50
3.7,50
3.8000000000000003,50
3.9000000000000004,50
4.0,50
4.1000000000000005,50
4.2,50
4.3,50
4.4,50
4.5,50
4.6000000000000005,50
4.7,50
4.800000000000001,50
4.9,50
5.0,50
5.1000000000000005,50
5.2,50
5.300000000000001,50
5.4,50
5.5,50
5.6000000000000005,50
5.7,50
5.800000000000001,50
5.9,50
6.0,50
6.1000000000000005,50
6.2,50
6.300000000000001,50
6.4,50
6.5,50
6.6000000000000005,50
6.7,50
6.800000000000001,50
6.9,50
7.0,50
7.1000000000000005,50
7.2,50
7.300000000000001,50
7.4,50
7.5,50
7.6000000000000005,50
7.7,50
7.800000000000001,50
7.9,50
8.0,50
8.1,50
8.200000000000001,50
8.3,50
8.4,50
8.5,50
8.6,50
8.700000000000001,50
8.8,50
8.9,50
9.0,50
9.1,50
9.200000000000001,50
9.3,50
9.4,50
9.5,50
9.600000000000001,50
9.700000000000001,50
9.8,50
9.9,50
10.0,50
10.100000000000001,50
10.200000000000001,50
10.3,50
10.4,50
10.5,50
10.600000000000001,50
10.700000000000001,50
10.8,50
10.9,50
11.0,50
11.100000000000001,50
11.200000000000001,50
11.3,50
11.4,50
11.5,50
11.600000000000001,50
11.700000000000001,50
11.8,50
11.9,50
12.0,50
12.100000000000001,50
12.200000000000001,50
12.3,50
12.4,50
12.5,50
12.600000000000001,50
12.700000000000001,50
12.8,50
12.9,50
13.0,50
13.100000000000001,50
13.200000000000001,50
13.3,50
13.4,50
13.5,50
13.600000000000001,50
13.700000000000001,50
13.8,50
13.9,50
14.0,50
14.100000000000001,50
14.200000000000001,50
14.3,50
14.4,50
14.5,50
14.600000000000001,50
14.700000000000001,50
14.8,50
14.9,50
15.0,50
15.100000000000001,50
15.200000000000001,50
15.3,50
15.4,50
15.5,50
15.600000000000001,50
15.700000000000001,50
15.8,50
15.9,50
16.0,50
16.1,50
16.2,50
16.3,50
16.400000000000002,50
16.5,50
16.6,50
16.7,50
16.8,50
16.900000000000002,50
17.0,50
17.1,50
17.2,50
17.3,50
17.400000000000002,50
17.5,50
17.6,50
17.7,50
17.8,50
17.900000000000002,50
18.0,50
18.1,50
18.2,50
18.3,50
18.400000000000002,50
18.5,50
18.6,50
18.7,50
18.8,50
18.900000000000002,50
19.0,50
19.1,50
19.200000000000003,50
19.3,50
19.400000000000002,50
19.5,50
19.6,50
19.700000000000003,50
19.8,50
19.900000000000002,50
20.0,50
20.1,50
20.200000000000003,50
20.3,50
20.400000000000002,50
20.5,50
20.6,50
20.700000000000003,50
20.8,50
20.900000000000002,50
21.0,50
21.1,50
21.200000000000003,50
21.3,50
21.400000000000002,50
21.5,50
21.6,50
21.700000000000003,50
21.8,50
21.900000000000002,50
22.0,50
22.1,50
22.200000000000003,50
22.3,50
22.400000000000002,50
22.5,50
22.6,50
22.700000000000003,50
22.8,50
22.900000000000002,50
23.0,50
23.1,50
23.200000000000003,50
23.3,50
23.400000000000002,50
23.5,50
23.6,50
23.700000000000003,50
23.8,50
23.900000000000002,50
24.0,50
24.1,50
24.200000000000003,50
24.3,50
24.400000000000002,50
24.5,50
24.6,50
24.700000000000003,50
24.8,50
24.900000000000002,50
25.0,50
25.1,50
25.200000000000003,50
25.3,50
25.400000000000002,50
25.5,50
25.6,50
25.700000000000003,50
25.8,50
25.900000000000002,50
26.0,50
26.1,50
26.200000000000003,50
26.3,50
26.400000000000002,50
26.5,50
26.6,50
26.700000000000003,50
26.8,50
26.900000000000002,50
27.0,50
27.1,50
27.200000000000003,50
27.3,50
27.400000000000002,50
27.5,50
27.6,50
27.700000000000003,50
27.8,50
27.900000000000002,50
28.0,50
28.1,50
28.200000000000003,50
28.3,50
28.400000000000002,50
28.5,50
28.6,50
28.700000000000003,50
28.8,50
28.900000000000002,50
29.0,50
29.1,50
29.200000000000003,50
29.3,50
29.400000000000002,50
29.5,50
29.6,50
29.700000000000003,50
29.8,50
29.900000000000002,50
30.0,50
30.1,50
30.200000000000003,50
30.3,50
30.400000000000002,50
30.5,50
30.6,50
30.700000000000003,50
30.8,50
30.900000000000002,50
31.0,50
31.1,50
31.200000000000003,50
31.3,50
31.400000000000002,50
31.5,50
31.6,50
31.700000000000003,50
31.8,50
31.900000000000002,50
32.0,50
32.1,50
32.2,50
32.300000000000004,50
32.4,50
32.5,50
32.6,50
32.7,50
32.800000000000004,50
32.9,50
33.0,50
33.1,50
33.2,50
33.300000000000004,50
33.4,50
33.5,50
33.6,50
33.7,50
33.800000000000004,50
33.9,50
34.0,50
34.1,50
34.2,50
34.300000000000004,50
34.4,50
34.5,50
34.6,50
34.7,50
34.800000000000004,50
34.9,50
35.0,50
35.1,50
35.2,50
35.300000000000004,50
35.4,50
35.5,50
35.6,50
35.7,50
35.800000000000004,50
35.9,50
36.0,50
36.1,50
36.2,50
36.300000000000004,50
36.4,50
36.5,50
36.6,50
36.7,50
36.800000000000004,50
36.9,50
37.0,50
37.1,50
37.2,50
37.300000000000004,50
37.4,50
37.5,50
37.6,50
37.7,50
37.800000000000004,50
37.9,50
38.0,50
38.1,50
38.2,50
38.300000000000004,50
38.400000000000006,50
38.5,50
38.6,50
38.7,50
38.800000000000004,50
38.900000000000006,50
39.0,50
39.1,50
39.2,50
39.300000000000004,50
39.400000000000006,50
39.5,50
39.6,50
39.7,50
39.800000000000004,50
39.900000000000006,50
40.0,50
40.1,50
40.2,50
40.300000000000004,50
40.400000000000006,50
40.5,50
40.6,50
40.7,50
40.800000000000004,50
40.900000000000006,50
41.0,50
41.1,50
41.2,50
41.300000000000004,50
41.400000000000006,50
41.5,50
41.6,50
41.7,50
41.800000000000004,50
41.900000000000006,50
42.0,50
42.1,50
42.2,50
42.300000000000004,50
42.400000000000006,50
42.5,50
42.6,50
42.7,50
42.800000000000004,50
42.900000000000006,50
43.0,50
43.1,50
43.2,50
43.300000000000004,50
43.400000000000006,50
43.5,50
43.6,50
43.7,50
43.800000000000004,50
43.900000000000006,50
44.0,50
44.1,50
44.2,50
44.300000000000004,50
44.400000000000006,50
44.5,50
44.6,50
44.7,50
44.800000000000004,50
44.900000000000006,50
45.0,50
45.1,50
45.2,50
45.300000000000004,50
45.400000000000006,50
45.5,50
45.6,50
45.7,50
45.800000000000004,50
45.900000000000006,50
46.0,50
46.1,50
46.2,50
46.300000000000004,50
46.400000000000006,50
46.5,50
46.6,50
46.7,50
46.800000000000004,50
46.900000000000006,50
47.0,50
47.1,50
47.2,50
47.300000000000004,50
47.400000000000006,50
47.5,50
47.6,50
47.7,50
47.800000000000004,50
47.900000000000006,50
48.0,50
48.1,50
48.2,50
48.300000000000004,50
48.400000000000006,50
48.5,50
48.6,50
48.7,50
48.800000000000004,50
48.900000000000006,50
49.0,50
49.1,50
49.2,50
49.300000000000004,50
49.400000000000006,50
49.5,50
49.6,50
49.7,50
49.800000000000004,50
49.900000000000006,50
50.0,50
50.1,50
50.2,50
50.300000000000004,50
50.400000000000006,50
50.5,50
50.6,50
50.7,50
50.800000000000004,50
50.900000000000006,50
51.0,50
51.1,50
51.2,50
51.300000000000004,50
51.400000000000006,50
51.5,50
51.6,50
51.7,50
51.800000000000004,50
51.900000000000006,50
52.0,50
52.1,50
52.2,50
52.300000000000004,50
52.400000000000006,50
52.5,50
52.6,50
52.7,50
52.800000000000004,50
52.900000000000006,50
53.0,50
53.1,50
53.2,50
53.300000000000004,50
53.400000000000006,50
53.5,50
53.6,50
53.7,50
53.800000000000004,50
53.900000000000006,50
54.0,50
54.1,50
54.2,50
54.300000000000004,50
54.400000000000006,50
54.5,50
54.6,50
54.7,50
54.800000000000004,50
54.900000000000006,50
55.0,50
55.1,50
55.2,50
55.300000000000004,50
55.400000000000006,50
55.5,50
55.6,50
55.7,50
55.800000000000004,50
55.900000000000006,50
56.0,50
56.1,50
56.2,50
56.300000000000004,50
56.400000000000006,50
56.5,50
56.6,50
56.7,50
56.800000000000004,50
56.900000000000006,50
57.0,50
57.1,50
57.2,50
57.300000000000004,50
57.400000000000006,50
57.5,50
57.6,50
57.7,50
57.800000000000004,50
57.900000000000006,50
58.0,50
58.1,50
58.2,50
58.300000000000004,50
58.400000000000006,50
58.5,50
58.6,50
58.7,50
58.800000000000004,50
58.900000000000006,50
59.0,50
59.1,50
59.2,50
59.300000000000004,50
59.400000000000006,50
59.5,50
59.6,50
59.7,50
59.800000000000004,50
59.900000000000006,50
60.0,50
60.1,50
60.2,50
60.300000000000004,50
60.400000000000006,50
60.5,50
60.6,50
60.7,50
60.800000000000004,50
60.900000000000006,50
61.0,50
61.1,50
61.2,50
61.300000000000004,50
61.400000000000006,50
61.5,50
61.6,50
61.7,50
61.800000000000004,50
61.900000000000006,50
62.0,50
62.1,50
62.2,50
62.300000000000004,50
62.400000000000006,50
62.5,50
62.6,50
62.7,50
62.800000000000004,50
62.900000000000006,50
63.0,50
63.1,50
63.2,50
63.300000000000004,50
63.400000000000006,50
63.5,50
63.6,50
63.7,50
63.800000000000004,50
63.900000000000006,50
64.0,50
64.10000000000001,50
64.2,50
64.3,50
64.4,50
64.5,50
64.60000000000001,50
64.7,50
64.8,50
64.9,50
65.0,50
65.10000000000001,50
65.2,50
65.3,50
65.4,50
65.5,50
65.60000000000001,50
65.7,50
65.8,50
65.9,50
66.0,50
66.10000000000001,50
66.2,50
66.3,50
66.4,50
66.5,50
66.60000000000001,50
66.7,50
66.8,50
66.9,50
67.0,50
67.10000000000001,50
67.2,50
67.3,50
67.4,50
67.5,50
67.60000000000001,50
67.7,50
67.8,50
67.9,50
68.0,50
68.10000000000001,50
68.2,50
68.3,50
68.4,50
68.5,50
68.60000000000001,50
68.7,50
68.8,50
68.9,50
69.0,50
69.10000000000001,50
69.2,50
69.3,50
69.4,50
69.5,50
69.60000000000001,50
69.7,50
69.8,50
69.9,50
70.0,50
70.10000000000001,50
70.2,50
70.3,50
70.4,50
70.5,50
70.60000000000001,50
70.7,50
70.8,50
70.9,50
71.0,50
71.10000000000001,50
71.2,50
71.3,50
71.4,50
71.5,50
71.60000000000001,50
71.7,50
71.8,50
71.9,50
72.0,50
72.10000000000001,50
72.2,50
72.3,50
72.4,50
72.5,50
72.60000000000001,50
72.7,50
72.8,50
72.9,50
73.0,50
73.10000000000001,50
73.2,50
73.3,50
73.4,50
73.5,50
73.60000000000001,50
73.7,50
73.8,50
73.9,50
74.0,50
74.10000000000001,50
74.2,50
74.3,50
74.4,50
74.5,50
74.60000000000001,50
74.7,50
74.8,50
74.9,50
75.0,50
75.10000000000001,50
75.2,50
75.3,50
75.4,50
75.5,50
75.60000000000001,50
75.7,50
75.8,50
75.9,50
76.0,50
76.10000000000001,50
76.2,50
76.3,50
76.4,50
76.5,50
76.60000000000001,50
76.7,50
76.80000000000001,50
76.9,50
77.0,50
77.10000000000001,50
77.2,50
77.30000000000001,50
77.4,50
77.5,50
77.60000000000001,50
77.7,50
77.80000000000001,50
77.9,50
78.0,50
78.10000000000001,50
78.2,50
78.30000000000001,50
78.4,50
78.5,50
78.60000000000001,50
78.7,50
78.80000000000001,50
78.9,50
79.0,50
79.10000000000001,50
79.2,50
79.30000000000001,50
79.4,50
79.5,50
79.60000000000001,50
79.7,50
79.80000000000001,50
79.9,50
80.0,50
80.10000000000001,50
80.2,50
80.30000000000001,50
80.4,50
80.5,50
80.60000000000001,50
80.7,50
80.80000000000001,50
80.9,50
81.0,50
81.10000000000001,50
81.2,50
81.30000000000001,50
81.4,50
81.5,50
81.60000000000001,50
81.7,50
81.80000000000001,50
81.9,50
82.0,50
82.10000000000001,50
82.2,50
82.30000000000001,50
82.4,50
82.5,50
82.60000000000001,50
82.7,50
82.80000000000001,50
82.9,50
83.0,50
83.10000000000001,50
83.2,50
83.30000000000001,50
83.4,50
83.5,50
83.60000000000001,50
83.7,50
83.80000000000001,50
83.9,50
84.0,50
84.10000000000001,50
84.2,50
84.30000000000001,50
84.4,50
84.5,50
84.60000000000001,50
84.7,50
84.80000000000001,50
84.9,50
85.0,50
85.10000000000001,50
85.2,50
85.30000000000001,50
85.4,50
85.5,50
85.60000000000001,50
85.7,50
85.80000000000001,50
85.9,50
86.0,50
86.10000000000001,50
86.2,50
86.30000000000001,50
86.4,50
86.5,50
86.60000000000001,50
86.7,50
86.80000000000001,50
86.9,50
87.0,50
87.10000000000001,50
87.2,50
87.30000000000001,50
87.4,50
87.5,50
87.60000000000001,50
87.7,50
87.80000000000001,50
87.9,50
88.0,50
88.10000000000001,50
88.2,50
88.30000000000001,50
88.4,50
88.5,50
88.60000000000001,50
88.7,50
88.80000000000001,50
88.9,50
89.0,50
89.10000000000001,50
89.2,50
89.30000000000001,50
89.4,50
89.5,50
89.60000000000001,50
89.7,50
89.80000000000001,50
89.9,50
90.0,50
90.10000000000001,50
90.2,50
90.30000000000001,50
90.4,50
90.5,50
90.60000000000001,50
90.7,50
90.80000000000001,50
90.9,50
91.0,50
91.10000000000001,50
91.2,50
91.30000000000001,50
91.4,50
91.5,50
91.60000000000001,50
91.7,50
91.80000000000001,50
91.9,50
92.0,50
92.10000000000001,50
92.2,50
92.30000000000001,50
92.4,50
92.5,50
92.60000000000001,50
92.7,50
92.80000000000001,50
92.9,50
93.0,50
93.10000000000001,50
93.2,50
93.30000000000001,50
93.4,50
93.5,50
93.60000000000001,50
93.7,50
93.80000000000001,50
93.9,50
94.0,50
94.10000000000001,50
94.2,50
94.30000000000001,50
94.4,50
94.5,50
94.60000000000001,50
94.7,50
94.80000000000001,50
94.9,50
95.0,50
95.10000000000001,50
95.2,50
95.30000000000001,50
95.4,50
95.5,50
95.60000000000001,50
95.7,50
95.80000000000001,50
95.9,50
96.0,50
96.10000000000001,50
96.2,50
96.30000000000001,50
96.4,50
96.5,50
96.60000000000001,50
96.7,50
96.80000000000001,50
96.9,50
97.0,50
97.10000000000001,50
97.2,50
97.30000000000001,50
97.4,50
97.5,50
97.60000000000001,50
97.7,50
97.80000000000001,50
97.9,50
98.0,50
98.10000000000001,50
98.2,50
98.30000000000001,50
98.4,50
98.5,50
98.60000000000001,50
98.7,50
98.80000000000001,50
98.9,50
99.0,50
99.10000000000001,50
99.2,50
99.30000000000001,50
99.4,50
99.5,50
99.60000000000001,50
99.7,50
99.80000000000001,50
99.9,50
100.0,50
